
Time: 0.109107
Result: 957 20.218588
