
Time: 0.000598
Result: 14 0.381967
