
Time: 0.425629
Result: 940 16.192701
