
Time: 0.002439
Result: 9 0.214546
