
Time: 0.000448
Result: 10 0.127397
