
Time: 1.162381
Result: 921 16.505119
