
Time: 0.002280
Result: 13 0.178436
