
Time: 0.370744
Result: 844 18.050398
