
Time: 0.000190
Result: 4 0.158063
