
Time: 0.001956
Result: 26 0.161784
