
Time: 0.000118
Result: 10 0.127397
