
Time: 0.000114
Result: 14 0.381967
