
Time: 0.106395
Result: 957 20.218588
