
Time: 0.426095
Result: 940 16.192701
