
Time: 0.000163
Result: 26 0.161784
