
Time: 0.002158
Result: 0 0.000000
