
Time: 0.000156
Result: 0 0.000000
