
Time: 0.424637
Result: 0 0.000000
