
Time: 0.108398
Result: 0 0.000000
