
Time: 0.000622
Result: 0 0.000000
